0 1781.6
1 1769.96
2 1760.69
3 1740.48
4 1751.6
5 1749.51
6 1739.21
7 1748.72
8 1760.33
9 1760.94
10 1769.21
11 1790.66
12 1784.03
13 1792.28
14 1786.5
15 1793
16 1789.21
17 1868.77
18 1869.8
19 1846.89
20 1847.84
21 1898.01
22 1874.97
23 1902.88
24 1906.86
25 1891.97
26 1901.05
27 1883.16
28 1891.3
29 1869.44
30 1862.02
31 1877.94
32 1864.72
33 1892
34 1887.46
35 1884.58
36 1861.64
37 1828.34
38 1853.25
39 1858
40 1870.68
41 2008.72
42 2004.2
43 2049.67
44 2039.87
45 2050.23
46 2079.28
47 2133.91
48 2150.8
49 2160
50 2149.87
51 2134.87
52 2155.67
53 2170.22
54 2153.1
55 2095.97
56 2009.29
57 1972.74
58 1979.59
59 1884.3
60 1883.75
61 1953.95
62 1908.99
63 1975.83
64 1924.03
65 1901.09
66 1800.61
67 1891.82
68 1820.86
69 1676.61
70 1785
71 1689.15
72 1807.84
73 1830
74 1880.93
75 1846.09
76 1902.83
77 1940.1
78 1885.84
79 1955.49
80 1900.1
81 1963.95
82 1949.72
83 1907.7
84 1918.83
85 1906.59
86 1997.59
87 2011.6
88 2043
89 2042.76
90 2168.87
91 2283.32
92 2307.68
93 2408.19
94 2375
95 2393.61
96 2328.12
97 2363.49
98 2399.45
99 2410.22
100 2376
101 2314.08
102 2372.71
103 2474
104 2286.04
105 2315.99
106 2317.8
107 2351.26
108 2367.61
109 2379.61
110 2409
111 2356.95
112 2367.92
113 2388.85
114 2409.78
115 2426.26
116 2449.33
117 2497.94
118 2446.74
119 2436.88
120 2421.86
121 2410.39
122 2401.1
123 2442.37
124 2471.04
125 2472.41
126 2478.4
127 2460.6
128 2483
129 2524.06
130 2600.86
131 2647.45
132 2557.96
133 2545.02
134 2572.68
135 2615.27
136 2640.98
137 2653.98
138 2675.01
139 2713.82
140 2764.41
141 2734.4
142 2754.58
143 2692.87
144 2680.38
145 2758.82
146 2878.7
147 2890.3
148 3057.04
149 3000.12
150 3081.11
151 3182.63
152 3200
153 3104
154 3084
155 3008.87
156 2999.9
157 2961.97
158 3196.84
159 3138.29
160 3099.91
161 2986.55
162 3008.91
163 3055.21
164 3000.33
165 3033.53
166 3051.88
167 3164.68
168 3111.89
169 3138.83
170 3205.03
171 3225
172 3167.46
173 3148.16
174 3080.67
175 3162.24
176 3161.02
177 3148.02
178 3182.41
179 3312.49
180 3260.48
181 3297.37
182 3284.72
183 3307.46
184 3346.49
185 3441.85
186 3400
187 3401.8
188 3450.96
189 3499.12
190 3531.45
191 3368
192 3294.62
193 3149.84
194 3268.61
195 3175.11
196 3116.22
197 3102.97
198 3156.13
199 3078.1
200 3008.73
201 2954.91
202 2960.47
203 3128.99
204 2999.86
205 3019.79
206 3095.13
207 3174.05
208 3144.88
209 3148.73
210 3221.26
211 3125
212 3199.2
213 3099.96
214 3195.69
215 3190.55
216 3286.65
217 3442.93
218 3443.63
219 3363.71
220 3338.65
221 3272.71
222 3207.21
223 3217.01
224 3184.94
225 3176.4
226 3204.4
227 3207.04
228 3286.33
229 3162.78
230 3211.01
231 3036.15
232 3004.48
233 3048.41
234 3241.16
235 3322
236 3311.37
237 3143.74
238 3035.02
239 3137.39
240 3110.28
241 3128.81
242 3131.06
243 3135.66
244 3105.46
245 3117.02
246 3099.4
247 3098.39
248 3118.06
249 3185.07
250 3195.34
